-10.902,3.9744,1
-8.4309,0.036574,1
-14.564,0.1987,1
-13.27,-3.0544,1
-13.833,-4.0093,1
-13.274,2.3713,1
-14.518,1.6022,1
-12.122,-2.6913,1
-10.101,-0.20402,1
-13.842,-4.4683,1
-13.758,2.2575,1
-14.041,-4.3648,1
-12.075,-5.1918,1
-12.356,-4.7954,1
-9.9928,-5.1889,1
-15.696,-0.1402,1
-14.273,1.4723,1
-7.9015,-4.9703,1
-12.027,-0.41113,1
-12.447,-0.12606,1
-12.217,-0.37087,1
-10.293,4.5042,1
-12.335,-0.37338,1
-14.119,1.9884,1
-9.3945,-0.050082,1
-14.609,1.5066,1
-12.447,3.0595,1
-13.188,-4.396,1
-14.423,0.1954,1
-14.25,1.6323,1
-9.0591,-4.9262,1
-12.118,-5.1685,1
-13.42,-0.29663,1
-14.738,0.037699,1
-13.38,-3.8193,1
-14.209,0.95179,1
-13.063,-3.9529,1
-13.598,-0.187,1
-11.053,4.034,1
-9.9705,-0.23954,1
-9.4382,-5.0836,1
-7.1387,-4.9227,1
-10.838,-1.8672,1
-15.252,0.29677,1
-13.325,2.4679,1
-14.026,-0.32997,1
-10.847,4.0584,1
-12.157,-0.24175,1
-13.032,-0.17843,1
-13.552,-4.5873,1
-13.602,-0.1064,1
-14.462,0.022152,1
-8.8314,0.024755,1
-15.214,0.58589,1
-11.752,-2.2875,1
-13.708,-4.2547,1
-11.491,-2.0002,1
-10.94,4.138,1
-12.57,2.9218,1
-14.952,0.78383,1
-13.271,-4.0269,1
-11.278,-4.9815,1
-12.193,-5.0195,1
-10.252,-1.5281,1
-10.743,4.0254,1
-11.356,-4.9146,1
-11.887,3.4517,1
-15.127,0.34676,1
-14.006,2.0238,1
-7.7466,-4.9527,1
-12.927,-3.5868,1
-12.847,-0.30534,1
-12.301,-2.7134,1
-13.864,-4.6466,1
-14.276,1.8554,1
-13.288,-4.2972,1
-14.601,0.35409,1
-13.15,-0.62338,1
-11.307,3.6828,1
-12.856,-4.4888,1
-11.116,-1.8483,1
-7.8311,-4.8579,1
-10.622,-1.54,1
-12.153,-2.5601,1
-14.477,0.072973,1
-14.242,-0.17649,1
-12.761,-0.1491,1
-13.991,-0.22799,1
-10.509,-4.9397,1
-12.785,-3.4545,1
-13.744,1.5966,1
-12.96,-3.9143,1
-8.5289,-0.1455,1
-14.357,1.5964,1
-13.594,-0.17173,1
-7.2529,-4.9494,1
-10.618,-1.6093,1
-13.779,-3.9195,1
-14.406,1.3077,1
-14.892,-0.26535,1
-8.1485,-5.1523,1
-8.314,-4.941,1
-9.8629,-0.98243,1
-11.099,4.0009,1
-8.2609,-5.0617,1
-9.0754,-0.5126,1
-11.483,-2.2127,1
-13.825,0.091505,1
-11.865,-5.2003,1
-13.757,2.1106,1
-13.365,-0.21466,1
-13.32,-4.0869,1
-12.207,-2.3864,1
-10.427,-1.3432,1
-8.9017,-0.58512,1
-14.122,1.8408,1
-9.2718,-0.62279,1
-12.135,-2.4373,1
-9.874,4.6452,1
-13.693,0.21755,1
-12.658,-4.7018,1
-7.2517,-4.9734,1
-13.006,-4.4327,1
-11.846,-2.9437,1
-9.0527,-0.50467,1
-14.487,0.92127,1
-13.234,-4.1142,1
-12.798,-4.5037,1
-13.917,-4.1747,1
-11.491,-5.1305,1
-13.972,0.37847,1
-14.206,1.79,1
-13.393,-4.7284,1
-13.88,-4.3184,1
-13.82,2.1405,1
-14.631,0.62626,1
-13.756,-0.38917,1
-12.523,2.8376,1
-13.133,2.5941,1
-11.371,-4.9087,1
-14.19,1.6861,1
-13.633,2.281,1
-14.515,-0.10989,1
-11.912,3.3203,1
-13.938,-0.12648,1
-12.727,-3.4655,1
-12.653,-4.7867,1
-8.3861,0.0087582,1
-12.048,-0.20158,1
-14.71,-0.20541,1
-11.126,-0.32582,1
-12.646,-3.0138,1
-12.753,2.8839,1
-9.1303,-0.15893,1
-13.421,-5.1791,1
-14.385,0.07974,1
-9.6734,-5.0385,1
-11.777,-0.21242,1
-13.048,-0.24132,1
-7.697,-4.9873,1
-13.46,-4.545,1
-13.773,-0.12912,1
-10.246,-5.0835,1
-10.495,-4.9364,1
-14.685,0.71972,1
-13.255,-0.098246,1
-13.335,2.6048,1
-8.4791,0.0073582,1
-12.951,-3.1726,1
-12.625,-4.5867,1
-13.258,-3.9228,1
-12.739,-0.39188,1
-14.683,0.038214,1
-14.347,-0.25832,1
-8.5367,-0.18341,1
-15.031,0.58284,1
-14.117,0.34501,1
-13.571,-4.8541,1
-12.451,-4.7726,1
-14.901,0.8799,1
-14.419,1.0233,1
-14.268,0.0017641,1
-8.1038,-4.8641,1
-13.422,-4.012,1
-14.145,-0.24062,1
-8.7766,-0.3393,1
-13.498,-3.6752,1
-14.672,0.44908,1
-10.624,-4.9909,1
-9.8691,-5.0656,1
-14.905,0.96781,1
-14.735,0.55001,1
-10.223,-4.9378,1
-12.649,-4.3512,1
-14.486,1.7375,1
-13.656,-0.40304,1
-13.543,2.1739,1
-12.19,-2.5904,1
-9.5939,-0.22231,1
-9.4887,-5.0469,1
-12.819,-3.3586,1
-15,0.49789,1
-11.383,-1.783,1
-11.481,-4.8611,1
-12.081,-4.7545,1
-14.255,0.35909,1
-10.943,-1.573,1
-14.156,0.022628,1
-13.01,-5.1833,1
-10.401,-0.25145,1
-11.229,-5.1989,1
-11.332,-1.7207,1
-12.574,2.8405,1
-7.8276,-4.8445,1
-14.628,1.2508,1
-12.572,-5.1386,1
-11.453,-5.105,1
-12.077,-5.0497,1
-7.7341,-4.8808,1
-9.7631,-0.83081,1
-14.521,1.2536,1
-9.8317,-5.2302,1
-10.343,-5.0985,1
-9.1901,-0.16304,1
-8.3254,-0.14119,1
-13.34,0.1088,1
-13.294,-2.9962,1
-11.254,3.8201,1
-9.7058,-0.0022335,1
-11.695,-2.5051,1
-14.095,-0.2641,1
-13.662,-4.5512,1
-13.481,-0.25787,1
-12.947,-4.0341,1
-7.6306,-4.7695,1
-12.715,-2.909,1
-11.26,3.9294,1
-12.747,-0.31323,1
-14.947,0.26106,1
-14.708,1.6344,1
-12.711,-5.1035,1
-14.691,0.36152,1
-7.1945,-4.8579,1
-9.0521,-5.0135,1
-9.2099,4.8897,1
-14.248,0.40659,1
-13.143,0.063994,1
-8.5204,-0.036161,1
-13.553,-3.8536,1
-14.501,1.2373,1
-13.193,2.511,1
-7.5537,-4.7921,1
-9.9634,-5.1792,1
-14.154,1.8831,1
-12.556,-2.7609,1
-14.915,-0.057517,1
-13.709,-3.842,1
-13.369,-0.16093,1
-7.9603,-0.0052084,1
-14.26,0.25368,1
-12.517,-2.9238,1
-12.692,-4.1863,1
-12.412,-4.8913,1
-11.019,-0.28716,1
-11.363,-0.30626,1
-9.7478,-0.15526,1
-12.589,-5.0145,1
-13.065,-5.0673,1
-11.529,-5.0866,1
-13.683,-0.15879,1
-9.8991,-5.1454,1
-13.063,2.6726,1
-10.494,4.2186,1
-14.632,1.0038,1
-13.838,2.0436,1
-13.322,2.4347,1
-12.051,3.0899,1
-14.498,1.0034,1
-12.79,2.9106,1
-14.573,0.74546,1
-12.793,2.8366,1
-12.913,-3.2986,1
-13.151,-4.9376,1
-15.064,0.17248,1
-14.351,0.28072,1
-11.358,3.749,1
-9.6366,-0.14364,1
-13.075,-3.7296,1
-7.3965,-4.8729,1
-13.554,-3.7532,1
-13.952,-4.414,1
-14.378,0.3148,1
-13.975,2.1345,1
-9.7235,-4.9719,1
-13.825,1.5807,1
-7.0356,-4.7834,1
-9.0471,-0.56705,1
-11.823,-0.35326,1
-12.698,2.8897,1
-14.708,-0.040146,1
-11.716,3.4208,1
-13.703,-4.5043,1
-12.618,-2.6102,1
-8.8066,-0.038119,1
-13.892,-4.6659,1
-7.7872,-4.7248,1
-13.019,-0.14908,1
-13.262,-4.4088,1
-13.074,-3.617,1
-12.412,2.8325,1
-11.579,-2.011,1
-13.074,-3.323,1
-14.499,-0.29944,1
-11.124,3.7988,1
-12.862,-3.6589,1
-14.291,1.9738,1
-11.302,-1.9154,1
-14.288,1.4811,1
-13.66,-3.7927,1
-13.253,-0.24004,1
-8.339,-4.8274,1
-13.435,-3.7592,1
-14.611,-0.26748,1
-14.322,0.90515,1
-13.115,-3.8395,1
-9.9398,-0.9837,1
-13.038,-3.0504,1
-7.812,-4.9114,1
-12.261,-5.024,1
-15.104,0.63094,1
-11.466,-4.7416,1
-15.029,-0.14531,1
-11.176,-5.2633,1
-12.678,-3.3395,1
-10.332,-4.9231,1
-10.862,-1.6017,1
-13.814,2.057,1
-11.146,-4.9057,1
-11.57,-0.19229,1
-14.242,0.56297,1
-7.7659,-4.8847,1
-11.857,-4.8593,1
-14.355,-0.49421,1
-14.178,0.16212,1
-13.191,-0.27241,1
-11.973,-0.47092,1
-14.315,-4.8035,1
-13.248,-4.1356,1
-12.488,-0.19244,1
-9.2488,-5.0027,1
-13.559,-0.062304,1
-13.339,-4.2542,1
-12.72,-3.1118,1
-13.405,-0.029659,1
-13.1,-4.5059,1
-10.14,-1.1861,1
-14.731,1.3116,1
-10.65,-0.4033,1
-8.0439,-4.7552,1
-14.22,-0.29363,1
-13.436,-3.9478,1
-13.701,2.3497,1
-10.059,-4.9912,1
-10.492,4.1424,1
-10.973,4.0903,1
-11.168,-1.904,1
-13.504,-3.9852,1
-12.804,2.5588,1
-13.24,-3.2201,1
-12.951,2.7239,1
-13.039,-4.2132,1
-13.414,-4.7227,1
-14.277,0.53658,1
-12.625,-3.1182,1
-7.3711,-4.6495,1
-8.452,-0.11933,1
-11.4,-1.9238,1
-11.371,-4.6148,1
-14.455,1.738,1
-13.328,-4.7189,1
-12.042,3.3942,1
-12.7,-0.069323,1
-12.429,-3.1116,1
-14.639,0.20305,1
-14.68,0.2652,1
-11.087,-5.2125,1
-13.109,-3.3443,1
-12.135,-4.8067,1
-13.183,-3.3616,1
-6.642,-4.7725,1
-12.506,-2.9868,1
-11.008,3.9301,1
-8.2818,-4.9054,1
-14.515,0.25432,1
-14.744,0.2693,1
-8.5225,-4.9592,1
-11.289,-2.1117,1
-10.099,-5.0544,1
-10.31,-4.9353,1
-13.009,-4.9134,1
-11.994,-5.0405,1
-15.531,0.37471,1
-13.289,-3.6199,1
-9.3128,-0.18442,1
-13.19,-0.26412,1
-13.229,2.4605,1
-9.9912,-4.8754,1
-13.977,1.5555,1
-14.091,1.7334,1
-10.573,-1.4286,1
-15.313,-0.23336,1
-10.93,-1.7379,1
-15.102,0.57715,1
-13.928,2.2944,1
-6.8608,-4.7557,1
-12.845,-5.02,1
-10.556,-0.41169,1
-8.8414,-4.9364,1
-10.507,-1.4176,1
-12.661,2.739,1
-15.325,0.58203,1
-14.144,0.062375,1
-11.849,-2.4912,1
-10.554,-5.0692,1
-7.3147,-4.958,1
-10.456,-1.3073,1
-13.561,-0.28307,1
-8.7329,-0.29855,1
-14.039,-0.42689,1
-14.974,0.26255,1
-10.246,-1.1604,1
-11.75,-0.36993,1
-12.07,-2.6283,1
-11.18,-0.37353,1
-11.751,-2.1856,1
-10.052,4.4996,1
-9.9019,-4.9093,1
-11.853,-4.9907,1
-8.6788,-0.2111,1
-13.164,2.5221,1
-9.4979,-4.8174,1
-14.489,0.71477,1
-12.843,-4.8015,1
-9.0215,-0.50332,1
-13.352,-4.0891,1
-12.543,-0.13042,1
-11.101,-5.146,1
-14.516,0.71242,1
-11.972,-0.18237,1
-11.314,3.7933,1
-12.289,-4.9556,1
-12.794,-4.7482,1
-12.127,-2.4822,1
-13.279,-4.1923,1
-13.16,-4.18,1
-14.839,0.64012,1
-13.772,-0.16158,1
-9.199,-5.2132,1
-10.285,-0.31619,1
-12.926,-4.7508,1
-14.051,-0.1337,1
-9.9086,-1.1728,1
-12.461,-5.0679,1
-14.402,-0.06555,1
-11.829,-0.075204,1
-10.429,4.2472,1
-13.814,0.25071,1
-14.326,1.2444,1
-12.732,-2.9237,1
-14.005,1.9052,1
-13.072,-0.38344,1
-6.9818,-4.8511,1
-12.735,-4.0861,1
-9.8457,-0.10199,1
-12.744,-3.3153,1
-11.432,-0.16749,1
-13.94,-0.19487,1
-14.371,1.2176,1
-14.124,-0.14053,1
-12.155,-0.21218,1
-10.222,4.3382,1
-8.3852,-4.9854,1
-15.146,0.19659,1
-11.747,-2.3224,1
-10.757,-1.7371,1
-14.815,0.73672,1
-9.6723,4.5936,1
-13.972,1.9911,1
-7.6889,-4.8187,1
-10.735,-0.33753,1
-14.711,1.1255,1
-8.3075,-0.049746,1
-13.309,-0.38474,1
-14.982,0.57009,1
-11.953,-0.36286,1
-13.241,-3.5944,1
-11.013,-1.8063,1
-13.821,-0.33904,1
-13.985,2.0923,1
-11.558,3.7016,1
-13.356,2.0728,1
-15.308,0.74308,1
-8.2329,-0.03406,1
-13.605,-4.4863,1
-13.127,-4.6368,1
-13.652,-0.042586,1
-15.272,0.4633,1
-12.885,2.7533,1
-9.0503,-0.17908,1
-11.979,-4.8954,1
-11.914,3.5046,1
-6.4638,-4.5052,1
-12.956,-3.6233,1
-13.217,-4.8562,1
-11.645,3.6553,1
-12.967,0.020243,1
-12.155,-2.2501,1
-11.055,3.8982,1
-10.865,-0.12002,1
-13.55,-4.1673,1
-10.516,-1.3603,1
-10.012,-1.0116,1
-11.681,-4.9657,1
-14.4,1.7898,1
-12.679,2.586,1
-9.6412,-0.93445,1
-12.791,-0.19216,1
-12.958,2.7524,1
-13.82,-0.15743,1
-10.028,-5.1598,1
-11.55,-2.1391,1
-13.409,-0.5641,1
-10.709,4.1333,1
-12.495,2.8355,1
-12.731,2.9407,1
-11.454,-0.13214,1
-8.1461,0.072722,1
-14.313,-0.16817,1
-12.995,-4.7581,1
-12.528,-4.1153,1
-11.732,-0.26034,1
-8.1857,-4.9358,1
-12.228,2.8786,1
-14.865,0.84638,1
-13.584,-0.62244,1
-11.863,-2.3776,1
-12.699,-4.8347,1
-13.047,-4.4283,1
-10.524,4.2488,1
-12.563,-5.1811,1
-13.076,-3.4847,1
-12.253,3.1352,1
-13.419,-4.278,1
-11.914,-0.26621,1
-13.023,-3.4375,1
-11.575,-0.22594,1
-13.906,0.078953,1
-13.498,1.8321,1
-12.811,2.7064,1
-14.111,-4.3762,1
-10.683,-1.4402,1
-9.0131,-0.078999,1
-12.721,-2.9879,1
-12.797,-3.7444,1
-13.883,-0.21674,1
-10.513,4.1299,1
-15.226,0.80033,1
-13.368,-4.1066,1
-12.882,-3.1144,1
-13.897,-4.2388,1
-13.983,1.7408,1
-15.369,0.93827,1
-12.392,-4.7798,1
-13.424,2.5458,1
-9.2097,-5.0853,1
-9.76,-1.0944,1
-13.779,-4.4634,1
-11.323,-2.0925,1
-13.277,-0.43286,1
-11.818,-0.20809,1
-13.023,2.3428,1
-13.168,-0.041357,1
-9.2402,-5.013,1
-7.7329,-4.9804,1
-13.057,2.6957,1
-13.553,2.1459,1
-9.5374,-4.9115,1
-11.688,-2.4948,1
-14.218,1.2636,1
-14.224,1.2186,1
-8.65,-0.39796,1
-10.426,-1.2812,1
-13.668,2.2068,1
-7.6689,0.15703,1
-13.437,2.1461,1
-13.141,-4.5708,1
-13.923,0.12295,1
-8.1691,0.0441,1
-11.072,-1.8892,1
-14.032,0.80588,1
-7.6343,-4.7652,1
-10.975,-0.19647,1
-12.091,-0.2806,1
-13.223,-4.3597,1
-13.387,-3.757,1
-10.876,-4.9293,1
-13.786,-4.0623,1
-8.2571,-0.08553,1
-13.738,2.0384,1
-13.96,1.5363,1
-12.615,-2.9133,1
-12.314,3.18,1
-12.734,-4.8125,1
-15,1.2249,1
-9.4064,-0.1259,1
-12.772,-4.4701,1
-9.1715,-4.9363,1
-14.691,1.5932,1
-12.768,-3.1647,1
-8.4911,-0.3595,1
-7.57,-4.8936,1
-12.935,-4.797,1
-9.6565,4.7394,1
-11.478,3.5966,1
-14.767,0.54662,1
-8.7012,-4.8547,1
-9.5565,-0.97804,1
-10.729,-1.7108,1
-12.221,-4.7538,1
-12.73,-0.24733,1
-11.118,-4.9178,1
-13.74,1.857,1
-15.255,0.47347,1
-10.297,-5.0342,1
-8.1553,-5.0417,1
-15.061,0.81019,1
-13.794,2.5118,1
-10.844,-1.9517,1
-10.357,-1.3937,1
-14.745,0.31769,1
-7.7504,0.13011,1
-11.239,-0.28707,1
-12.732,-3.0822,1
-13.016,-3.2486,1
-9.0374,-0.46853,1
-10.213,-5.1131,1
-11.633,-2.098,1
-13.173,-3.3411,1
-13.037,2.7392,1
-10.04,-1.2951,1
-10.067,-1.3112,1
-11.657,-4.5254,1
-12.476,-4.5961,1
-10.264,4.4899,1
-12.811,-0.37484,1
-14.6,0.85266,1
-12.203,-4.8994,1
-10.33,-0.28392,1
-10.277,-0.45346,1
-12.26,-0.33786,1
-14.276,-0.054112,1
-7.6421,-4.9833,1
-13.63,-4.0559,1
-7.931,-4.9711,1
-9.3818,-5.083,1
-13.54,-4.407,1
-10.943,-1.8681,1
-11.535,3.6318,1
-9.8813,-0.94784,1
-14.594,-0.22837,1
-12.417,-2.6376,1
-11.003,-1.671,1
-10.811,-1.5817,1
-11.915,-5.1183,1
-13.42,-4.1308,1
-14.758,0.87766,1
-13.524,-4.3019,1
-15.157,0.43273,1
-12.592,-4.8455,1
-8.7584,-0.31451,1
-9.3376,-0.78912,1
-10.761,4.2164,1
-10.475,-1.5757,1
-12.094,-4.6822,1
-14.3,0.19027,1
-11.095,3.9705,1
-12.046,3.3123,1
-14.288,-0.087108,1
-12.059,-2.6383,1
-12.48,-4.3603,1
-14.339,1.2312,1
-8.3331,-4.9029,1
-11.778,-2.5033,1
-10.455,-4.9419,1
-12.838,-2.7815,1
-11.864,-2.2547,1
-13.325,-3.181,1
-7.8793,0.05825,1
-7.6287,-4.7853,1
-9.143,-0.58174,1
-9.9201,4.6622,1
-10.125,-5.1612,1
-12.029,-0.36936,1
-11.135,-1.8326,1
-13.441,2.6025,1
-13.027,-3.2979,1
-13.572,-3.8888,1
-9.1704,-0.16862,1
-11.207,-5.2205,1
-9.4641,-4.9995,1
-12.977,-4.5313,1
-9.483,-0.84863,1
-14.363,0.32821,1
-13.246,-4.5765,1
-12.645,-0.38994,1
-12.135,-4.9253,1
-14.706,0.72213,1
-12.408,-2.7718,1
-13.26,-0.25167,1
-15.067,0.86557,1
-8.9302,-4.9441,1
-14.524,1.0059,1
-6.5962,-4.7145,1
-13.095,-4.1565,1
-15.537,0.43381,1
-14.07,0.097022,1
-10.988,-5.0453,1
-11.955,-0.14207,1
-10.734,4.1612,1
-13.897,1.6426,1
-10.744,-5.1491,1
-6.6305,-4.623,1
-14.777,1.0155,1
-14.646,1.059,1
-11.948,-4.5564,1
-13.468,0.24568,1
-9.9267,-0.17894,1
-14.77,1.3999,1
-12.528,-3.2081,1
-10.658,-5.2056,1
-14.771,1.1808,1
-14.079,1.7875,1
-11.055,-1.746,1
-13.116,-4.4127,1
-9.2242,-0.73972,1
-11.294,-1.9135,1
-11.326,-0.097632,1
-9.993,-1.0039,1
-12.562,-4.2798,1
-12.043,-5.0287,1
-14.366,-0.14656,1
-12.145,-2.595,1
-12.758,-0.41243,1
-14.342,0.092724,1
-12.729,-0.35764,1
-13.679,-4.61,1
-13.703,-4.8683,1
-10.935,-1.8722,1
-8.087,-4.8988,1
-14.537,0.20023,1
-12.75,-0.29661,1
-10.309,-0.31027,1
-12.76,-4.0381,1
-9.9389,-4.8704,1
-11.518,-2.3119,1
-14.065,1.8922,1
-13.927,-0.43817,1
-12.95,-3.43,1
-14.922,0.83767,1
-13.396,-4.5014,1
-13.47,-0.11894,1
-14.398,1.4948,1
-13.39,2.6539,1
-7.3162,-4.9564,1
-12.621,-5.2047,1
-8.8566,-0.38957,1
-10.837,-5.0422,1
-12.51,-0.30341,1
-8.9081,-0.1083,1
-12.106,3.4136,1
-13.574,-4.2322,1
-10.106,-1.0349,1
-9.8507,-5.0772,1
-12.815,-2.755,1
-12.149,-2.4101,1
-8.4768,-0.074721,1
-13.922,-4.7324,1
-10.526,4.2485,1
-12.628,-0.39097,1
-9.0386,-4.9544,1
-13.316,-3.4249,1
-12.314,-0.35333,1
-15.035,0.79708,1
-13.221,2.4285,1
-11.958,-0.43453,1
-14.735,0.36023,1
-9.6695,-0.91818,1
-10.211,-1.1178,1
-13.562,-4.5716,1
-9.8682,-4.9904,1
-9.9788,-4.9451,1
-14.791,0.18919,1
-14.875,1.1449,1
-9.2871,-0.14029,1
-11.012,-1.7486,1
-13.5,-4.6524,1
-9.3147,-0.15984,1
-15.016,0.57189,1
-14.156,1.5613,1
-12.227,-4.8738,1
-13.056,-3.5955,1
-15.345,0.49121,1
-12.353,-3.0471,1
-10.469,-1.4126,1
-11.651,-4.8992,1
-11.892,-0.40023,1
-11.429,-4.8889,1
-12.828,2.6586,1
-13.421,-4.8394,1
-13.438,-0.1459,1
-14.695,0.88642,1
-15.257,0.09418,1
-13.79,1.6516,1
-10.812,-1.5754,1
-12.346,-4.8242,1
-13.708,-0.13656,1
-13.552,-3.5381,1
-15.139,0.32479,1
-7.3776,-4.8709,1
-11.652,-2.2164,1
-14.131,1.7972,1
-8.8813,-0.19323,1
-14.186,-0.118,1
-8.56,-4.791,1
-14.293,-0.1061,1
-13.005,-4.4052,1
-9.089,-0.14403,1
-8.3491,-0.11324,1
-13.881,-4.237,1
-13.325,-3.6968,1
-9.0335,-4.9347,1
-12.701,2.507,1
-7.2581,-4.8312,1
-8.2955,0.010341,1
-11.717,-2.2047,1
-11.786,-2.3604,1
-14.01,-0.28562,1
-10.373,-1.1807,1
-14.996,0.31261,1
-10.244,4.4606,1
-12.977,-3.7259,1
-9.7013,4.7167,1
-14.083,1.4327,1
-9.9322,4.6008,1
-14.729,0.93939,1
-14.571,1.4839,1
-14.106,1.5039,1
-12.501,-0.27696,1
-13.953,-0.38736,1
-14.563,0.016194,1
-6.3595,-4.649,1
-13.256,-4.6651,1
-9.586,-0.15968,1
-10.73,-0.12911,1
-10.73,4.0566,1
-14.151,-0.34044,1
-14.557,1.069,1
-12.28,-3.119,1
-11.956,-2.4569,1
-14.101,0.74513,1
-9.9835,-1.0854,1
-10.541,-1.6231,1
-11.717,-4.694,1
-10.701,-5.0394,1
-12.21,3.0237,1
-10.938,-1.7951,1
-12.719,2.8974,1
-11.992,-0.061135,1
-7.8571,-4.8974,1
-15.054,0.9243,1
-14.353,1.5647,1
-9.7742,-0.92559,1
-12.571,3.1197,1
-13.127,-0.38538,1
-9.1339,-0.75222,1
-8.4634,0.083338,1
-12.529,-4.5943,1
-11.658,-2.0734,1
-13.018,-3.3533,1
-12.491,-0.13701,1
-14.689,0.25385,1
-10.091,-5.1767,1
-9.6122,-1.0659,1
-11.501,-0.22993,1
-7.9839,-0.069427,1
-9.7403,-5.0855,1
-9.0618,-0.62895,1
-10.294,4.3935,1
-7.9463,-4.8328,1
-12.135,-2.8153,1
-14.339,0.038951,1
-13.839,1.5326,1
-14.591,1.8164,1
-8.8829,-0.45265,1
-13.258,2.457,1
-11.362,-1.8666,1
-9.5296,-5.0777,1
-11.905,3.4623,1
-9.9562,4.518,1
-13.173,-4.8319,1
-13.379,-3.9462,1
-11.825,-0.12017,1
-12.066,-0.41292,1
-11.357,-2.1548,1
-13.974,-0.33088,1
-10.679,4.1793,1
-9.5994,-0.79978,1
-12.164,-3.0379,1
-9.7312,-5.1085,1
-14.646,0.86881,1
-13.241,2.7245,1
-12.295,-2.8949,1
-11.421,-5.0676,1
-15.593,-0.091429,1
-10.653,-1.6724,1
-13.035,-3.6378,1
-14.084,0.28813,1
-13.778,2.0712,1
-10.758,4.1466,1
-11.338,-5.2052,1
-14.314,-4.5125,1
-13.043,2.6977,1
-12.483,-4.693,1
-13.129,-3.8026,1
-11.632,-2.4231,1
-14.366,1.1623,1
-9.6538,-5.0446,1
-13.118,-0.19254,1
-15.133,0.70863,1
-15.131,1.06,1
-12.859,-4.6089,1
-10.431,-5.1108,1
-11.411,3.7871,1
-13.217,-3.5718,1
-14.01,-0.1124,1
-12.96,-4.8306,1
-6.5839,-4.7467,1
-13.298,-3.156,1
-9.3721,-5.1451,1
-12.081,3.308,1
-9.4311,-0.081586,1
-15.153,0.60686,1
-13.363,-0.28695,1
-13.488,2.0624,1
-14.53,0.94429,1
-15.475,0.6016,1
-12.614,-4.308,1
-8.5776,-0.33873,1
-13.07,2.6669,1
-12.39,-4.8232,1
-9.2684,-4.9108,1
-8.3555,-0.03648,1
-12.966,0.048779,1
-13.261,-3.5952,1
-11.414,-4.7979,1
-11.856,-2.3911,1
-9.9257,-0.20512,1
-11.39,-4.9249,1
-12.43,-4.7626,1
-13.95,-0.063585,1
-14.488,0.46078,1
-12.861,-0.29378,1
-14.307,-0.36831,1
-9.0612,-5.015,1
-13.238,-3.6027,1
-12.8,-4.267,1
-10.08,-1.175,1
-13.912,-0.41189,1
-13.148,2.8481,1
-10.225,4.5418,1
-14.635,1.2175,1
-13.766,-3.6611,1
-9.5379,-4.8442,1
-11.804,-5.093,1
-14.722,0.27437,1
-8.5252,-0.056147,1
-7.9507,-4.9508,1
-7.9647,-4.805,1
-12.708,-2.8678,1
-14.476,1.4825,1
-12.767,-3.1862,1
-11.76,-0.37449,1
-7.5402,-4.9929,1
-12.272,-5.0407,1
-10.294,-0.3699,1
-14.763,0.0076609,1
-13.874,0.7513,1
-12.348,-4.7565,1
-13.21,-3.2634,1
-14.459,0.3395,1
-10.187,-1.3106,1
-12.661,-3.115,1
-10.331,-5.061,1
-14.802,0.39378,1
-10.396,4.2834,1
-13.495,-4.7539,1
-14.349,0.73348,1
-8.6808,0.03955,1
-11.651,-5.0975,1
-9.0562,-0.11523,1
-11.016,3.9759,1
-6.5395,-4.6815,1
-7.9916,-0.17906,1
-13.613,-0.10461,1
-11.987,-5.0377,1
-13.355,-0.15415,1
-11.059,-5.237,1
-12.211,-2.759,1
-14.135,0.00378,1
-13.453,-4.4209,1
-14.618,0.12844,1
-11.033,-1.9472,1
-10.784,-1.593,1
-13.752,-0.14284,1
-9.4541,-0.74706,1
-14.476,0.08798,1
-10.567,-1.3336,1
-8.7068,-0.11241,1
-12.023,-2.5328,1
-14.868,1.087,1
-13.521,-4.5726,1
-13.055,-4.5441,1
-13.448,2.1504,1
-13.46,-0.032519,1
-13.141,-3.538,1
-12.994,2.6508,1
-9.5622,-0.21808,1
-14.053,-0.12996,1
-11.918,3.5663,1
-10.108,-4.8453,1
-15.016,0.241,1
-12.474,-0.53606,1
-14.439,0.74047,1
-13.899,-4.5342,1
-14.597,0.55732,1
-15.617,0.20717,1
-14.412,0.02814,1
-8.8647,0.016324,1
-15.456,0.33284,1
-9.6698,4.6398,1
-12.493,-2.9626,1
-14.762,0.076332,1
-14.332,1.0348,1
-9.5663,-0.17328,1
-14.573,0.6596,1
-13.163,-4.6946,1
-15.163,0.11036,1
-11.42,-2.1186,1
-11.505,3.5171,1
-13.335,-4.5325,1
-14.31,1.441,1
-14.272,1.818,1
-12.82,-3.1848,1
-12.438,-4.9754,1
-11.747,-0.35649,1
-13.067,-3.6304,1
-10.244,-4.9653,1
-11.533,-2.2457,1
-9.5698,-0.29776,1
-15.467,1.118,1
-7.616,-4.7053,1
-13.895,-0.39928,1
-14.292,-0.019821,1
-13.298,-4.9284,1
-13.972,2.0266,1
-10.441,-1.2731,1
-14.155,0.40868,1
-10.555,-0.21141,1
-13.71,-0.093504,1
-14.337,1.2825,1
-12.307,-2.8207,1
-6.4398,-4.6889,1
-14.045,0.1828,1
-12.777,2.9666,1
-11.24,-1.8563,1
-8.9412,-4.9148,1
-12.054,3.0912,1
-11.394,-5.0607,1
-11.311,-0.1681,1
-10.948,4.0555,1
-13.549,-4.6455,1
-13.829,0.10854,1
-9.9637,-0.29098,1
-14.962,-0.19514,1
-11.695,-2.2554,1
-9.4752,-5.1669,1
-13.056,-0.4492,1
-7.7963,0.13422,1
-13.098,-3.8546,1
-8.7707,-0.0095615,1
-14.634,0.95609,1
-11.172,-4.9632,1
-11.001,3.859,1
-8.8869,-0.43777,1
-12.256,-0.53303,1
-10.136,4.5675,1
-14.356,-0.097357,1
-8.7274,0.056596,1
-14.247,1.9251,1
-14.391,1.4158,1
-7.8679,0.038325,1
-12.707,-4.1348,1
-12.949,-0.43298,1
-9.2607,-0.80679,1
-13.262,-3.6794,1
-11.065,4.0009,1
-14.332,1.6635,1
-11.72,-4.9808,1
-11.385,-4.8381,1
-11.262,3.6475,1
-10.148,-1.2186,1
-14.222,1.6954,1
-9.2347,-0.57253,1
-13.299,2.2398,1
-9.84,-5.1724,1
-13.282,-4.576,1
-13.712,-0.078489,1
-13.515,-3.9444,1
-8.5869,-5.0375,1
-12.837,-3.2107,1
-9.3605,-0.18967,1
-14.606,1.0679,1
-14.491,0.34614,1
-14.216,-0.40473,1
-11.295,-2.1226,1
-14.47,1.2078,1
-11.193,-0.21475,1
-9.3347,-0.80618,1
-10.461,4.2302,1
-12.552,-2.9655,1
-12.631,-4.8489,1
-6.7503,-4.7756,1
-11.074,-1.855,1
-13.271,2.7863,1
-12.091,-4.8737,1
-14.884,-0.0024573,1
-13.138,-4.8903,1
-10.117,-1.0887,1
-12.635,-2.7934,1
-12.013,-4.8516,1
-8.207,-0.072642,1
-15.148,0.61204,1
-13.63,-4.2564,1
-13.307,0.09253,1
-8.8786,-5.0993,1
-11.329,-2.1129,1
-10.054,-5.0814,1
-12.293,-0.28522,1
-10.375,-5.2203,1
-10.579,4.2431,1
-13.36,-3.8974,1
-12.758,2.8869,1
-13.868,-0.54026,1
-10.349,4.3782,1
-9.7608,-0.98824,1
-8.4803,-4.9707,1
-13.309,2.2118,1
-14.162,-0.085452,1
-11.52,-4.9635,1
-10.624,-4.8392,1
-14.458,0.98054,1
-11.793,3.4614,1
-14.533,0.71864,1
-9.9308,-5.0729,1
-12.799,-4.6862,1
-10.116,-1.0744,1
-13.992,2.0638,1
-13.491,2.4432,1
-13.795,-0.35977,1
-12.807,-4.7764,1
-13.833,-0.074303,1
-10.273,-0.098104,1
-14.509,0.53697,1
-11.904,-2.773,1
-14.496,1.1592,1
-10.145,-1.149,1
-11.319,-0.17254,1
-11.782,-4.8641,1
-12.189,-4.7951,1
-8.0001,-4.8376,1
-10.161,-0.2975,1
-14.298,1.5753,1
-13.182,-4.8783,1
-14.232,-4.5485,1
-12.591,-5.1772,1
-11.53,-2.5711,1
-13.6,-4.0319,1
-12.989,-3.8972,1
-11.973,-2.6965,1
-13.545,-3.6625,1
-10.003,4.319,1
-15.399,0.4384,1
-11.816,-4.7795,1
-12.003,-4.9902,1
-14.364,1.6149,1
-13.158,-4.3408,1
-12.89,-3.4851,1
-14.88,0.21567,1
-11.049,-1.7796,1
-12.171,-5.1933,1
-11.29,-4.8167,1
-14.88,0.32543,1
-13.189,-4.3514,1
-13.317,-3.8667,1
-15.377,-0.09803,1
-9.3577,-5.0484,1
-12.467,2.9076,1
-13.929,1.7823,1
-14.541,0.34596,1
-11,-1.9006,1
-11.351,-0.23852,1
-15.647,0.075085,1
-10.412,-1.3878,1
-11.708,3.5251,1
-14.671,1.3502,1
-9.9328,-0.95063,1
-12.307,-5.1226,1
-12.332,-0.47265,1
-15.127,0.83071,1
-8.8168,-5.0141,1
-14.537,1.0279,1
-13.91,-0.27744,1
-15.099,0.56099,1
-8.5408,-4.9615,1
-14.853,0.44781,1
-14.828,-0.075647,1
-12.161,-0.22115,1
-13.482,2.0166,1
-14.563,0.72345,1
-13.219,2.3481,1
-10.704,-5.0205,1
-12.97,-4.9458,1
-12.271,-2.875,1
-14.077,0.51497,1
-10.181,4.4667,1
-10.635,4.1129,1
-14.697,-0.28821,1
-9.286,-5.0779,1
-12.764,-4.8914,1
-10.067,-0.24487,1
-3.2838,-4.2505,2
-4.0802,-3.3298,2
-3.5683,-3.2939,2
-4.3959,0.89806,2
-11.106,1.5663,2
-3.3512,-3.0655,2
-5.8493,-2.7559,2
-5.4981,-0.40297,2
-2.7651,-3.8649,2
-5.506,-0.47637,2
-3.2741,-3.4289,2
-5.8046,-0.41923,2
-5.6616,1.5846,2
-8.3961,1.8593,2
-4.7355,0.8167,2
-3.4115,-4.2699,2
-9.9966,-3.2549,2
-7.0182,1.7373,2
-8.1659,-2.8971,2
-3.281,-4.5751,2
-8.7972,-2.9996,2
-2.1823,-3.7269,2
-6.5616,-6.9531,2
-8.4225,-7.7884,2
-4.9982,-5.6341,2
-3.1879,-3.1507,2
-3.188,-3.8508,2
-6.1433,-0.85067,2
-3.3477,-3.135,2
-3.3962,-3.9677,2
-8.089,1.8294,2
-5.9697,-0.58451,2
-8.0966,-7.8815,2
-3.3643,-4.556,2
-6.8998,-1.5191,2
-5.1167,-2.7963,2
-5.5145,-0.3905,2
-6.3557,-2.8676,2
-6.003,-6.4929,2
-8.2314,-2.8843,2
-9.1215,1.9781,2
-7.4008,-1.9816,2
-9.4295,1.8279,2
-3.9028,-2.9557,2
-9.0881,-3.0778,2
-7.9208,-7.6687,2
-7.3457,-2.9852,2
-4.1732,-2.7225,2
-3.1326,-3.4868,2
-5.0455,0.12462,2
-7.3157,-7.3711,2
-2.7505,-4.0398,2
-5.6302,-2.7733,2
-7.5339,-7.5154,2
-10.244,1.7605,2
-5.725,1.9359,2
-10.569,1.5836,2
-6.878,-3.013,2
-3.6484,-4.6044,2
-7.5295,-2.8568,2
-9.0935,1.7996,2
-10.499,1.8045,2
-7.3391,-1.5423,2
-7.3049,1.821,2
-3.7841,-3.1807,2
-5.4651,-0.54383,2
-6.4459,-2.8842,2
-4.6919,-3.0114,2
-4.3362,-5.4414,2
-5.4891,-0.43485,2
-5.5506,-0.28067,2
-2.8471,-4.3256,2
-8.363,-2.2196,2
-4.616,0.50852,2
-4.2493,-2.8164,2
-4.1694,1.2206,2
-2.4366,-3.9012,2
-2.6137,-4.2572,2
-3.2818,-3.3921,2
-5.3112,-0.23132,2
-5.0324,-0.12273,2
-4.4973,0.59361,2
-9.9599,-3.2211,2
-8.8761,-2.6613,2
-2.9414,-4.3883,2
-8.2114,-2.8883,2
-5.496,-6.1489,2
-3.6621,-3.5991,2
-4.7642,1.0955,2
-6.7432,1.8453,2
-3.7789,-5.0007,2
-5.1923,1.0053,2
-4.8591,0.083936,2
-6.5491,-3.0427,2
-3.2336,-4.4,2
-7.2974,1.8852,2
-7.8446,2.027,2
-7.6691,1.7842,2
-3.8727,-3.4208,2
-2.8405,-3.3224,2
-10.957,1.5321,2
-6.1475,-1.0509,2
-7.946,1.8712,2
-8.658,-3.2584,2
-4.9034,0.92819,2
-4.9792,1.874,2
-4.9888,1.612,2
-3.6524,-4.9042,2
-7.9146,-2.0939,2
-3.4774,-3.5716,2
-2.6995,-3.999,2
-5.9261,1.7611,2
-5.0548,0.22185,2
-8.9977,-2.7108,2
-3.4993,0.93354,2
-4.5795,-2.8581,2
-8.7229,-2.513,2
-6.7441,-1.3452,2
-4.1129,-3.1961,2
-8.7851,-3.116,2
-4.6158,0.88706,2
-5.8101,1.6059,2
-4.9812,0.16124,2
-10.029,1.7231,2
-5.1368,1.6989,2
-4.7534,-3.2636,2
-5.2024,0.21167,2
-4.9999,0.51271,2
-4.5155,1.7969,2
-8.1191,-2.1461,2
-3.4185,-4.3127,2
-3.9863,-3.3098,2
-4.8648,1.2199,2
-9.7211,1.7359,2
-3.1167,-3.1865,2
-5.8813,-6.44,2
-5.5443,-2.8668,2
-2.7403,-4.2489,2
-6.7907,-2.8979,2
-6.3823,-1.0924,2
-3.9534,-2.9995,2
-3.1792,-3.8084,2
-7.7831,-3.067,2
-8.9495,-3.1021,2
-9.2311,-3.1623,2
-7.5545,1.9274,2
-10.973,1.6654,2
-6.5953,-3.0363,2
-3.5609,-4.617,2
-3.3598,-3.1882,2
-2.6694,-2.9677,2
-5.0981,1.591,2
-5.9331,-6.6489,2
-7.678,-7.6969,2
-7.5248,1.5831,2
-4.1704,-5.3582,2
-5.2945,-0.10268,2
-3.3981,-3.8108,2
-5.6763,-2.694,2
-4.762,0.067596,2
-7.5368,-1.8618,2
-2.4817,-3.3536,2
-8.0961,-2.3171,2
-4.0263,0.43282,2
-3.6004,-3.3716,2
-5.5778,-6.324,2
-3.8424,-3.5141,2
-5.5224,-2.7463,2
-5.321,0.57522,2
-9.8185,1.8037,2
-6.8588,1.7493,2
-7.5437,-7.6489,2
-9.4294,-3.066,2
-2.8931,-3.3711,2
-9.6607,1.8516,2
-8.6135,-2.9528,2
-6.0039,-2.8619,2
-9.4245,-2.9498,2
-5.5979,2.0276,2
-6.2467,-3.1428,2
-4.5886,-5.4347,2
-9.8087,-3.2472,2
-10.854,1.5846,2
-9.9661,-3.1867,2
-4.6594,-3.1682,2
-6.1178,-0.84961,2
-6.1063,-0.98062,2
-3.546,-3.1776,2
-7.9664,-1.8748,2
-6.8199,1.9102,2
-5.3201,-6.1394,2
-9.3339,-3.1018,2
-4.3537,1.5433,2
-5.7074,-0.26218,2
-5.1205,-5.8951,2
-2.4335,-3.6773,2
-4.4982,-2.7817,2
-4.9388,0.58986,2
-5.6408,-6.3424,2
-6.7933,-1.3798,2
-6.7464,1.9483,2
-3.1732,-3.9949,2
-4.9329,0.52692,2
-7.0838,-1.4654,2
-9.6028,-2.9173,2
-6.9571,-7.1271,2
-7.1094,-1.5885,2
-3.5039,-5.3594,2
-4.7366,0.71714,2
-4.702,-5.5114,2
-5.6594,1.2257,2
-4.3836,0.95329,2
-4.3247,-2.6217,2
-7.5371,-1.7364,2
-6.2649,-6.6308,2
-4.9664,0.59134,2
-10.649,1.6538,2
-8.5323,2.0183,2
-8.2547,1.9411,2
-7.6208,1.7386,2
-4.6919,-5.7301,2
-5.5334,-0.12851,2
-6.0851,1.8276,2
-3.1232,-3.237,2
-4.8497,0.55066,2
-8.6963,-3.1012,2
-4.0185,0.69323,2
-5.3326,-2.8121,2
-5.9344,-3.0945,2
-5.5226,1.5018,2
-5.5994,-2.924,2
-5.1599,0.63761,2
-7.0822,-2.9737,2
-5.389,1.6428,2
-5.9189,1.3567,2
-4.1753,1.1496,2
-3.7785,-4.7053,2
-6.4655,-2.8646,2
-3.0803,-3.2848,2
-3.0212,-3.7429,2
-4.8989,0.86675,2
-4.1442,-5.12,2
-4.6144,0.61625,2
-8.6442,1.8229,2
-5.6003,-6.5397,2
-5.0284,-2.7096,2
-7.8969,-3.0554,2
-7.9545,-3.0876,2
-5.052,1.3895,2
-7.2287,-7.2575,2
-6.5118,-7.0188,2
-9.8332,-3.1634,2
-5.3976,-0.59878,2
-6.1786,-2.8448,2
-9.9876,-3.243,2
-3.2682,-3.8318,2
-5.2905,1.46,2
-7.9138,-7.7769,2
-8.3071,-2.3103,2
-4.0979,-2.734,2
-6.9964,-1.5272,2
-6.8604,1.9359,2
-5.845,1.9286,2
-2.9315,-3.7766,2
-3.2689,-4.5798,2
-6.5763,-2.9618,2
-5.0513,-0.21743,2
-5.4151,-0.40176,2
-6.211,1.952,2
-3.9278,-4.4802,2
-4.4958,0.71196,2
-2.8136,-3.4869,2
-8.4169,-3.1356,2
-8.7191,-2.9634,2
-8.4802,-3.1066,2
-6.2948,-2.993,2
-8.4657,-2.9964,2
-3.3988,-3.4749,2
-6.9214,-2.8947,2
-2.703,-3.8517,2
-7.2694,-7.3475,2
-5.0394,0.24843,2
-4.6199,1.3695,2
-2.9053,-3.2429,2
-3.2708,-4.6132,2
-4.1682,-2.9278,2
-2.4284,-3.5779,2
-6.6133,1.7133,2
-4.652,1.0871,2
-9.1123,1.8514,2
-5.8095,-0.64664,2
-5.9452,-2.796,2
-6.2468,-6.5028,2
-6.7188,-1.1253,2
-5.8413,-6.523,2
-4.8837,1.6093,2
-10.173,1.6581,2
-4.6749,-5.3305,2
-3.3535,-4.6396,2
-4.0743,-5.3491,2
-7.8959,-3.0056,2
-5.8958,1.1757,2
-7.1016,1.8421,2
-4.4949,-5.3855,2
-6.0114,-0.75627,2
-5.4747,1.9236,2
-3.3253,-3.376,2
-6.0413,-0.68921,2
-4.8747,1.279,2
-3.0446,-4.5704,2
-6.6026,2.0949,2
-5.1125,-0.30791,2
-4.5569,-2.96,2
-3.1885,-4.2771,2
-8.547,-2.4163,2
-3.126,-4.349,2
-6.9065,-1.2884,2
-4.2038,-5.7374,2
-6.5536,1.9695,2
-3.4821,-4.8477,2
-4.5647,0.4522,2
-5.9697,1.6646,2
-2.8326,-2.9304,2
-2.7719,-3.9186,2
-5.2718,-0.44406,2
-5.8716,1.7509,2
-6.2329,-1.0046,2
-4.5332,0.39966,2
-5.5391,1.4817,2
-2.4072,-3.4166,2
-9.1508,1.8172,2
-2.0472,-3.3391,2
-6.2252,-0.82009,2
-5.3078,-0.29663,2
-9.1691,-2.8292,2
-5.419,-0.25896,2
-4.0073,-4.8716,2
-5.0912,0.35266,2
-4.9164,-3.0183,2
-4.7221,-2.8931,2
-11.292,1.5683,2
-8.0394,-2.2806,2
-3.5833,-4.6067,2
-4.4173,-5.749,2
-6.797,-3.0041,2
-3.5785,-3.663,2
-4.3235,0.20436,2
-4.5123,1.4472,2
-4.0951,-3.3002,2
-7.7053,-1.926,2
-7.133,-7.1429,2
-5.3849,1.8506,2
-6.2547,-1.1736,2
-4.9388,-5.557,2
-5.9592,1.3768,2
-7.3933,-1.635,2
-5.4197,-2.8566,2
-6.4112,-2.8974,2
-5.6245,1.5597,2
-3.0792,-4.4205,2
-5.7066,1.95,2
-3.3618,-2.8971,2
-5.3247,1.5461,2
-5.2604,-3.1131,2
-5.9168,-2.839,2
-4.7678,1.566,2
-7.9299,1.8255,2
-2.9787,-3.1062,2
-4.3021,1.189,2
-8.5398,-3.1479,2
-5.673,-0.52951,2
-5.3628,1.5989,2
-7.538,-2.9659,2
-6.8297,1.8335,2
-4.8181,1.027,2
-4.8052,0.87326,2
-4.3001,1.0179,2
-6.7966,1.737,2
-2.9138,-4.1895,2
-4.4761,1.6556,2
-6.6181,-2.9326,2
-3.7762,-5.0769,2
-5.9554,1.5472,2
-4.1306,-5.1615,2
-3.7543,-4.5974,2
-6.2235,-1.1668,2
-4.5762,0.86676,2
-6.8282,2.0406,2
-8.3754,1.8722,2
-7.1078,-1.5261,2
-7.5308,-1.8466,2
-3.3987,-3.6043,2
-7.6249,1.9095,2
-2.8826,-4.0886,2
-4.3413,-5.3995,2
-5.6999,-0.16348,2
-4.1434,1.0159,2
-6.4682,-1.2207,2
-7.9245,1.8139,2
-8.1284,-1.96,2
-6.4707,1.7857,2
-6.9158,-7.2459,2
-6.2615,1.8587,2
-7.4521,-2.9243,2
-7.3389,-2.8995,2
-2.8848,-3.8495,2
-4.1739,1.0487,2
-3.4115,-4.6183,2
-7.6482,-3.0668,2
-5.1973,1.6236,2
-4.4188,-2.7805,2
-4.7744,1.5201,2
-3.8429,-5.0232,2
-6.6473,-6.9584,2
-4.4705,1.1952,2
-4.4892,0.10186,2
-5.9673,-2.8702,2
-9.2582,1.8784,2
-5.3541,1.3093,2
-3.7538,-4.6145,2
-3.1948,-4.2395,2
-4.1076,-2.7485,2
-8.3774,1.7304,2
-10.769,1.6692,2
-5.3322,1.6897,2
-7.7269,-1.9793,2
-2.6055,-3.8342,2
-4.0359,0.97032,2
-3.9103,-4.8949,2
-3.5432,-2.9232,2
-4.6029,1.0183,2
-7.1662,-2.9788,2
-5.0596,0.56022,2
-6.6568,-6.9699,2
-4.9853,1.2095,2
-7.6236,-2.9407,2
-7.9832,-2.0768,2
-5.456,1.6563,2
-4.5957,1.1713,2
-8.0442,-7.8026,2
-5.4142,0.071254,2
-5.8023,-2.7856,2
-7.6702,1.7746,2
-7.9854,-1.8112,2
-7.7971,-2.0152,2
-4.9789,-2.6218,2
-6.6516,-1.1036,2
-2.8647,-3.5799,2
-7.201,-7.2896,2
-4.3381,-5.4653,2
-6.7572,-0.93467,2
-9.4604,-2.9723,2
-4.4052,0.75604,2
-9.7085,1.572,2
-4.9084,0.58606,2
-5.0844,-6.1118,2
-8.0258,-3.0686,2
-8.3066,-2.2924,2
-8.6445,-3.0964,2
-6.6964,-1.4001,2
-8.3199,-2.9499,2
-5.7945,0.5362,2
-5.2248,-0.074111,2
-4.1449,-3.2683,2
-7.1202,-7.1875,2
-7.5767,-3.0897,2
-6.3156,-2.7793,2
-5.679,-2.935,2
-6.0027,1.754,2
-4.0577,-3.0711,2
-5.9042,-2.9183,2
-4.9358,1.0535,2
-6.8881,1.889,2
-9.0409,-3.0262,2
-5.3276,1.9646,2
-4.0365,-5.0258,2
-4.5609,-3.0777,2
-7.7331,-3.0892,2
-3.1784,-4.53,2
-7.1031,-3.1724,2
-7.7289,-3.0352,2
-7.1751,-1.5478,2
-7.6798,-2.9996,2
-7.1309,1.8947,2
-4.9029,1.1938,2
-3.1802,-4.7822,2
-3.1305,-3.9517,2
-5.8809,-3.0182,2
-4.183,0.65144,2
-3.4932,-4.8055,2
-4.4416,-3.1232,2
-4.1923,-2.9067,2
-4.8986,-3.1893,2
-7.6067,-2.9001,2
-7.3306,-7.3892,2
-8.4336,1.8999,2
-7.8025,2.1244,2
-2.848,-3.2856,2
-3.1322,-3.9994,2
-4.7944,-5.5204,2
-7.2032,-2.7977,2
-7.721,-2.9422,2
-4.283,-2.8317,2
-10.953,1.472,2
-5.4773,1.8892,2
-3.7576,-3.8024,2
-5.8076,-6.5298,2
-2.9338,-4.2601,2
-5.1402,-2.9704,2
-4.9469,0.98084,2
-8.0116,-3.0167,2
-5.1671,1.7552,2
-4.6454,1.084,2
-5.7542,1.6621,2
-4.8807,-2.8241,2
-2.9088,-4.338,2
-8.6422,-2.5579,2
-4.4826,-3.4401,2
-5.1678,-2.8336,2
-4.2199,1.3361,2
-7.6393,-1.9134,2
-4.3784,1.79,2
-5.5359,-0.17115,2
-2.2021,-3.5669,2
-2.9131,-3.4077,2
-10.6,1.6608,2
-7.9731,-3.0172,2
-5.5317,-6.2127,2
-4.5341,-2.7432,2
-5.5539,-0.54644,2
-5.3161,1.4452,2
-2.4578,-4.0459,2
-3.133,-4.3313,2
-7.5564,-7.5971,2
-5.1783,-2.8691,2
-3.4387,-3.9313,2
-7.8974,-3.1133,2
-3.6115,-5.0134,2
-10.951,1.6352,2
-6.531,1.7528,2
-8.0377,-3.0114,2
-5.9454,1.9323,2
-4.1208,-4.7278,2
-5.105,-2.9706,2
-3.0463,-3.557,2
-6.9146,1.8321,2
-8.5086,1.6998,2
-10.143,1.822,2
-4.9348,-2.956,2
-10.049,1.6914,2
-6.0305,1.6011,2
-4.3286,-2.8392,2
-9.7354,-3.1443,2
-9.0875,-3.2304,2
-4.3129,1.005,2
-3.7184,-2.9094,2
-3.1647,-3.5883,2
-3.3154,-3.2973,2
-5.2704,-5.9321,2
-11.732,1.4083,2
-5.6053,-0.2582,2
-8.362,-3.0465,2
-6.4555,-1.0891,2
-7.4529,2.0661,2
-5.554,-6.3049,2
-6.5196,-7.0146,2
-5.2876,-6.2542,2
-6.7015,1.7053,2
-7.7301,-1.9425,2
-6.0262,-0.6607,2
-9.6707,-3.1559,2
-5.111,-2.8988,2
-6.1985,2.0078,2
-2.7373,-4.1424,2
-8.2982,1.8428,2
-10.298,1.701,2
-7.5176,-1.6823,2
-4.9369,1.1925,2
-3.4123,-2.9597,2
-6.0092,-2.9576,2
-3.0646,-4.6049,2
-5.6488,-2.8776,2
-4.3147,0.23992,2
-9.9887,1.6649,2
-4.4614,-5.7492,2
-3.2994,-4.6072,2
-5.9482,1.651,2
-9.5827,1.8536,2
-3.1297,-3.6543,2
-4.1728,-5.1311,2
-8.2762,1.9486,2
-6.5465,1.8573,2
-2.4612,-3.8866,2
-3.7785,-2.9582,2
-5.0977,-6.308,2
-5.4177,-0.20906,2
-2.9559,-3.4296,2
-4.2698,-5.4165,2
-8.5505,-2.3969,2
-2.9336,-4.1933,2
-5.3525,0.89907,2
-9.8529,-3.2242,2
-2.8509,-3.7093,2
-4.727,0.087513,2
-4.5902,1.5477,2
-5.3072,1.5142,2
-6.3413,1.8341,2
-8.245,-2.3726,2
-3.07,-3.525,2
-8.3546,-2.9662,2
-6.6824,1.971,2
-7.5779,-2.8967,2
-5.318,-0.39906,2
-2.7178,-3.3463,2
-3.5557,-3.0062,2
-6.5201,-1.2955,2
-5.4907,0.10722,2
-4.6616,-5.5769,2
-9.0241,-2.8385,2
-7.494,-1.7714,2
-8.558,-2.4173,2
-6.8825,-1.3859,2
-9.3751,-3.2507,2
-3.267,-4.2086,2
-5.348,-6.0355,2
-6.914,-1.3321,2
-5.1318,0.52222,2
-6.1742,-1.067,2
-6.4263,1.719,2
-6.7202,-2.918,2
-5.0851,1.361,2
-3.1988,-2.8242,2
-2.457,-3.0739,2
-5.0256,1.282,2
-6.6411,1.7571,2
-3.9014,-2.9304,2
-7.7038,-7.499,2
-4.7427,1.0931,2
-4.5861,1.8061,2
-7.3565,-7.3877,2
-4.4592,-5.482,2
-7.4995,-3.0544,2
-6.8761,1.9911,2
-6.0019,-0.78065,2
-8.7255,-2.5727,2
-5.9026,1.7462,2
-4.7712,1.1051,2
-4.8534,1.8514,2
-5.511,-6.2999,2
-7.2054,-1.5567,2
-6.6001,-1.1015,2
-7.0125,1.7563,2
-6.5207,1.5778,2
-4.7296,-3.2727,2
-4.0871,-2.8399,2
-6.5273,-7.0063,2
-6.5503,1.8342,2
-3.517,-3.0583,2
-4.1601,-5.4688,2
-3.5115,-4.665,2
-3.907,-3.7412,2
-6.2681,-0.93859,2
-7.9117,-2.0624,2
-5.2079,1.008,2
-8.0939,1.8022,2
-6.4842,-1.1707,2
-7.6625,1.9247,2
-3.3228,-3.3135,2
-8.6923,-2.6131,2
-7.2007,-2.9088,2
-6.0761,1.888,2
-6.8518,1.8605,2
-10.17,1.6124,2
-6.2179,2.0452,2
-5.7305,-0.71101,2
-4.6981,-5.8285,2
-8.8585,-2.5588,2
-3.5092,-3.6785,2
-11.316,1.4414,2
-6.0551,1.8574,2
-6.373,1.6449,2
-5.0236,-6.0279,2
-8.7365,1.8035,2
-7.1662,1.8663,2
-7.8168,-7.7628,2
-3.4486,-3.8879,2
-4.0519,-3.1124,2
-5.0433,-5.6137,2
-8.4302,-2.5378,2
-5.2312,0.39249,2
-3.9486,-5.0269,2
-5.3709,-0.15659,2
-5.7373,-0.60099,2
-6.7828,1.7232,2
-5.1225,-0.24082,2
-7.0366,1.8123,2
-6.0505,-0.83241,2
-6.3445,1.4823,2
-4.9285,0.16663,2
-5.3201,1.0361,2
-3.7818,-4.8805,2
-5.8096,-0.22849,2
-2.5349,-3.3426,2
-4.5599,1.0209,2
-3.9484,-3.0778,2
-7.0952,-1.6821,2
-9.067,1.7249,2
-6.7482,-2.7962,2
-5.4526,1.7979,2
-4.5831,0.62585,2
-7.6143,-1.764,2
-4.1423,1.2782,2
-6.8987,-2.7287,2
-6.0847,1.7619,2
-5.6522,-2.5846,2
-4.6139,1.2763,2
-2.5673,-3.6586,2
-6.5954,-1.442,2
-4.1873,-2.5775,2
-9.4133,-3.1817,2
-4.2404,1.5848,2
-3.8766,-3.3688,2
-6.8006,-1.2342,2
-9.6698,1.8887,2
-4.8573,-2.9973,2
-9.2289,-3.1687,2
-6.9911,-1.3826,2
-3.0129,-3.3865,2
-5.2172,-3.0051,2
-4.9784,-5.9367,2
-8.1787,1.6947,2
-9.3167,-3.0055,2
-2.7111,-4.437,2
-3.4129,-4.6558,2
-6.4758,-1.2539,2
-5.7298,-6.5314,2
-3.1028,-3.2305,2
-7.123,-3.0027,2
-6.5841,1.5467,2
-6.2419,1.83,2
-8.888,-2.9366,2
-7.0651,-2.8214,2
-10.219,1.5647,2
-9.4518,1.8753,2
-7.1639,1.8082,2
-7.2593,-1.6446,2
-6.9445,-2.9588,2
-4.8348,0.57795,2
-5.9164,-0.90781,2
-6.4432,-1.3357,2
-4.3036,-2.8931,2
-5.9032,1.7015,2
-7.5853,-2.8338,2
-8.2277,-7.9304,2
-3.1773,-4.2646,2
-4.8964,0.75776,2
-8.8549,1.9369,2
-9.6523,1.7853,2
-4.894,0.19317,2
-4.6543,-5.5391,2
-7.1854,-7.4227,2
-4.3801,-2.8967,2
-4.2965,0.42982,2
-8.1494,-2.3325,2
-4.0294,1.3466,2
-7.8758,-2.8752,2
-4.0497,-2.9978,2
-10.344,1.5957,2
-6.2446,-6.8285,2
-4.6275,1.7716,2
-8.1874,-3.0678,2
-3.8836,-2.9146,2
-5.6928,-6.4975,2
-8.3883,1.8696,2
-4.0112,0.62671,2
-6.9497,-1.4422,2
-5.2461,0.44777,2
-3.54,-3.0581,2
-8.1367,-2.9813,2
-3.952,-4.6906,2
-5.2103,0.19465,2
-11.136,1.5361,2
-6.8494,-1.5607,2
-7.853,-2.0542,2
-5.0736,0.10263,2
-3.4264,-4.4003,2
-8.7681,1.9023,2
-3.1418,-4.7349,2
-2.7647,-3.848,2
-4.9462,0.45171,2
-4.6684,0.65,2
-9.5684,-3.2512,2
-2.9049,-4.0976,2
-3.1539,-4.5072,2
-3.8837,-5.1098,2
-5.3304,-2.864,2
-5.101,0.80979,2
-7.6242,-1.864,2
-10.153,1.5456,2
-4.7825,1.7181,2
-7.529,-1.7879,2
-4.2954,-5.2952,2
-8.2933,-2.9946,2
-5.1931,-6.0848,2
-6.0289,-0.75546,2
-6.6923,1.976,2
-4.1066,-4.3558,2
-6.4141,-2.8862,2
-5.8877,-2.8412,2
-5.0649,1.4767,2
-6.5402,-1.123,2
-7.2734,-2.9742,2
-5.0743,-0.27927,2
-9.0807,-2.7969,2
-6.6733,-1.3345,2
-5.359,-6.1444,2
-5.1478,0.97975,2
-5.1595,-2.9069,2
-6.0995,-0.60582,2
-3.9791,-4.9362,2
-7.6372,-7.6988,2
-2.988,-3.2082,2
-3.5992,-3.886,2
-6.2371,-0.95226,2
-10.354,1.625,2
-6.0061,-6.7951,2
-6.0631,2.1307,2
-3.5561,-2.8395,2
-5.4106,0.16429,2
-5.162,-0.12675,2
-4.1148,-5.1174,2
-3.5498,-3.0734,2
-3.692,-4.6048,2
-9.1346,-2.7463,2
-6.3408,-6.9776,2
-5.4788,0.34657,2
-5.2681,-2.7834,2
-6.4387,-0.78063,2
-5.8677,1.7442,2
-6.3901,-1.0688,2
-4.7062,0.69068,2
-9.2149,-3.2025,2
-5.0328,1.5265,2
-3.2272,-4.7877,2
-6.6788,-1.4181,2
-10.422,1.6947,2
-2.9448,-3.459,2
-6.2211,-0.69563,2
-3.7021,-2.9307,2
-3.5921,-2.9108,2
-8.7009,1.7621,2
-6.501,-6.8579,2
-5.2259,-3.002,2
-2.6599,-3.0456,2
-5.5643,-6.1997,2
-3.5209,-4.5346,2
-2.8449,-3.3715,2
-4.5274,-5.8269,2
-4.9854,-5.8862,2
-3.1458,-3.637,2
-5.4631,-0.4433,2
-7.8168,1.8033,2
-5.067,-3.1913,2
-7.9977,-7.8041,2
-7.3911,-2.9613,2
-7.5964,-2.9905,2
-5.5956,-3.041,2
-7.7576,1.9616,2
-7.8257,-1.9096,2
-3.9415,-4.7254,2
-8.0608,-2.182,2
-6.361,-1.2063,2
-7.9455,-2.0147,2
-6.4766,-0.86591,2
-6.4105,-2.9259,2
-8.1345,-2.2968,2
-5.3084,-6.3547,2
-8.3802,-3.1062,2
-7.7627,-1.8832,2
-9.9957,-3.3379,2
-4.1204,-5.3067,2
-3.9502,0.65518,2
-4.5599,-5.7127,2
-2.9535,-4.3731,2
-6.0325,-0.61843,2
-3.522,-3.8265,2
-6.3248,1.5953,2
-9.8387,1.6888,2
-5.5707,-0.078057,2
-6.118,-2.8361,2
-3.3156,-3.7062,2
-5.5744,1.7495,2
-10.383,1.5918,2
-7.6249,-2.9629,2
-11.003,1.5445,2
-9.8125,1.6329,2
-5.3285,0.49337,2
-2.6705,-3.2753,2
-5.6032,1.5245,2
-6.4835,-1.397,2
-3.792,-3.1118,2
-2.9883,-3.5355,2
-8.3554,-7.8942,2
-7.8223,-2.0643,2
-3.0598,-3.9614,2
-5.0706,0.95563,2
-4.4231,0.879,2
-3.0591,-3.5765,2
-4.0698,-5.5282,2
-5.1792,1.5396,2
-5.8026,-0.60714,2
-7.6753,-7.5838,2
-3.2135,-4.3261,2
-5.6749,2.0434,2
-2.9889,-3.088,2
-4.5323,-3.0166,2
-5.0091,1.1731,2
-8.5909,1.8322,2
-8.6728,1.8692,2
-7.0186,-2.8284,2
-9.9717,-3.2522,2
-5.3102,1.3576,2
-6.0411,1.9839,2
-7.7835,-7.59,2
-5.5999,1.4598,2
-4.3155,1.2149,2
-3.6345,-4.233,2
-3.0251,-3.7451,2
-6.0589,-2.8599,2
-4.1273,1.3104,2
-5.346,1.588,2
-5.8898,-6.642,2
-4.873,-0.17417,2
-5.248,-0.11033,2
-5.352,1.6794,2
-3.1987,-3.4546,2
-10.801,1.6498,2
-2.6943,-3.1831,2
-2.7622,-3.9491,2
-3.268,-2.9439,2
-7.3479,1.8715,2
-4.9728,0.67866,2
-5.2102,-6.2462,2
-5.5467,-0.16092,2
-4.2146,-5.3759,2
-5.7943,-0.95858,2
-5.0527,0.64167,2
-4.6571,0.85377,2
-8.8924,-2.7673,2
-5.5666,-2.696,2
-7.7284,-7.4903,2
-3.3282,-4.7629,2
-8.7612,-3.1798,2
-5.5961,-2.9244,2
-6.3617,-2.9858,2
-3.3191,-4.3477,2
-5.4575,-0.13732,2
-4.6492,0.19384,2
-6.0422,-6.6905,2
-9.3323,1.7768,2
-8.1518,-2.1687,2
-7.203,-2.8116,2
-9.4982,-3.1251,2
-4.247,0.94536,2
-5.2903,1.262,2
-10.026,1.6972,2
-3.1578,-3.7726,2
-11.418,1.5133,2
-6.0044,-1.0398,2
-7.4494,-3.0881,2
-3.78,-2.9376,2
-3.0475,-4.3405,2
-2.5812,-3.6818,2
-6.4776,1.9706,2
-5.3919,2.0704,2
-4.8929,0.48325,2
-5.509,1.6489,2
-2.6519,-3.3621,2
-4.1199,-5.4968,2
-3.7748,-4.7605,2
-9.9509,-3.3663,2
-5.6376,1.8821,2
-10.315,1.6094,2
-5.7706,1.7875,2
-6.1746,-2.8495,2
-4.2404,-5.2161,2
-5.0243,0.16225,2
-5.1522,0.7842,2
-6.5028,-1.156,2
-5.3477,-3.0716,2
-5.1924,1.2803,2
-6.9904,-2.837,2
-4.9856,1.3217,2
-11.056,1.5634,2
-7.2737,-2.8711,2
-3.3189,-3.2712,2
-3.6943,-4.7911,2
-4.649,0.52142,2
-5.4791,1.5386,2
-6.8296,-7.2481,2
-8.4664,1.909,2
-10.199,1.6506,2
-4.6881,0.61603,2
-8.8971,-3.0404,2
-6.3256,-6.7082,2
-4.0692,1.3068,2
-4.2009,-3.1964,2
-7.7086,-7.6298,2
-9.2576,-2.9047,2
-5.5135,-2.8194,2
-5.3208,-2.8771,2
-5.2405,0.089154,2
-5.9319,-0.81659,2
-3.091,-4.2975,2
-8.0566,-2.1565,2
-3.3957,-4.5838,2
-5.1745,0.83134,2
-4.8635,0.26364,2
-3.9465,-4.6026,2
-8.3228,-2.3631,2
-5.8125,-3.0646,2
-5.7585,1.4627,2
-7.7022,1.7332,2
-6.4304,-6.9015,2
-4.9201,1.3965,2
-7.1136,-7.2638,2
-9.0968,1.6916,2
-3.9498,-2.9602,2
-5.8367,2.1048,2
-3.1234,-4.334,2
-7.4876,1.8638,2
-11.117,1.6099,2
-6.8081,-2.9281,2
-6.6221,-3.0041,2
-4.673,0.30819,2
-7.3511,-7.3978,2
-3.6467,-4.5065,2
-3.2465,-3.3459,2
-6.635,-2.7654,2
-10.476,1.7519,2
-2.7537,-4.0661,2
-6.6937,-2.847,2
-6.4128,-2.9196,2
-4.9993,0.057463,2
-5.01,-6.1735,2
-3.0496,-4.3953,2
-3.5431,-3.6899,2
-3.5135,-3.2637,2
-3.2799,-4.5238,2
-3.3874,-4.9308,2
-6.2146,1.7419,2
-6.1749,-2.9326,2
-4.9848,-2.7493,2
-3.7022,-4.4754,2
-2.4846,-3.9157,2
-7.2775,2.1322,2
-7.3084,-2.9648,2
-6.9108,-1.4955,2
-4.3079,-3.0552,2
-4.9084,0.070199,2
-6.0064,-3.1987,2
-9.0348,-2.9815,2
-5.5015,0.14732,2
-4.6228,0.34968,2
-3.5172,-4.6444,2
-4.9169,1.2845,2
-9.7372,-3.1066,2
-4.2231,0.67569,2
-3.6236,-3.9839,2
-3.6162,-3.1152,2
-5.0525,1.9084,2
-6.977,-6.9789,2
-2.841,-4.065,2
-6.1111,1.7099,2
-5.6312,-2.7806,2
-3.947,0.62845,2
-6.0629,-3.0167,2
-6.4326,-6.8618,2
-4.824,-2.9927,2
-4.2649,-3.0836,2
-5.3428,-0.3431,2
-10.112,1.7424,2
-3.333,-4.1537,2
-3.4513,-4.7451,2
-10.63,1.735,2
-7.1318,-1.7019,2
-3.0426,-4.118,2
-4.7882,1.0634,2
-3.7311,-3.2827,2
-4.4058,-3.2001,2
-3.8235,1.2015,2
-5.1634,-2.606,2
-4.7448,-5.6243,2
-2.9644,-4.0239,2
-10.518,1.4545,2
-7.7124,-1.8145,2
-6.7628,-2.8663,2
-4.5131,-5.4943,2
-5.2874,-0.11427,2
-9.2583,-3.1863,2
-3.2576,-3.7689,2
-6.7077,-1.0651,2
-6.917,-2.9647,2
-4.2946,0.75628,2
-6.1904,-6.6199,2
-3.5378,-4.6375,2
-8.0402,-2.8803,2
-3.2189,-3.7209,2
-3.354,-3.7742,2
-3.3777,-3.2454,2
-10.754,1.6057,2
-9.4973,-2.947,2
-7.458,-2.9877,2
-5.3356,1.8515,2
-7.2124,-1.7884,2
-4.3499,-3.0517,2
-5.9658,-6.5897,2
-4.8755,1.1813,2
-8.5637,1.7565,2
-4.8944,-2.8994,2
-7.9464,-2.2356,2
-2.9144,-3.9733,2
-7.2086,2.0229,2
-4.1169,-3.184,2
-5.1447,-0.26435,2
-5.7016,-0.11417,2
-8.2424,-7.9016,2
-7.554,-1.9548,2
-7.5581,1.8349,2
-5.6581,-0.13575,2
-4.9662,-5.8024,2
-6.737,-7.1376,2
-3.8182,-3.7645,2
-6.9567,-2.8936,2
-6.8764,-1.4118,2
-5.3274,-3.0188,2
-4.5217,-3.2048,2
-7.4741,1.8652,2
-6.5886,-2.9286,2
-6.7076,1.8816,2
-4.6573,1.3244,2
-7.61,-1.7864,2
-5.3371,1.3518,2
-3.3785,-3.1579,2
-9.2793,-2.8062,2
-4.4475,-5.585,2
-5.2796,1.2478,2
-4.1111,1.7529,2
-7.8383,-2.07,2
-4.3996,1.1895,2
-7.319,-1.3299,2
-6.5414,-2.9782,2
-6.5189,1.8996,2
-2.7746,-3.7175,2
-5.3516,0.91622,2
-4.0845,0.64877,2
-7.8578,2.0515,2
-3.2322,-3.0992,2
-5.2108,1.2811,2
-3.0574,-3.0017,2
-4.8813,0.1304,2
-3.8562,-3.0915,2
-4.2342,-2.8748,2
-4.7272,-5.7927,2
-4.5421,0.82236,2
-8.3506,-2.3861,2
-5.4405,-6.2866,2
-3.7773,-5.2027,2
-4.3484,1.0056,2
-4.4726,0.9354,2
-5.0664,-3.0247,2
-9.5659,-3.1765,2
-3.2213,-3.8677,2
-4.4367,1.1942,2
-8.6465,1.7999,2
-6.9645,-1.2596,2
-3.2792,-4.4959,2
-2.8667,-3.5471,2
-6.1922,-2.933,2
-4.6371,0.39792,2
-2.9238,-4.0229,2
-4.6625,-2.8548,2
-4.3622,-5.4344,2
-7.4875,-2.0783,2
-4.3721,-3.2899,2
-4.6658,0.25117,2
-4.6618,-5.5335,2
-8.2736,-2.1084,2
-8.6605,-2.5616,2
-7.7737,-1.9333,2
-8.4969,-3.0654,2
-5.4044,-2.7983,2
-4.0085,1.1877,2
-6.2718,-1.1388,2
-10.179,1.8401,2
-9.3784,1.7701,2
-5.9758,1.9502,2
-5.9658,1.7907,2
-4.3781,0.65062,2
-4.8035,1.3262,2
-5.2058,-6.0035,2
-3.7062,-3.0678,2
-5.2521,-0.26455,2
-7.1417,-1.4221,2
-4.0778,-4.8321,2
-6.2135,1.4265,2
-5.038,1.3164,2
-3.7056,-3.1622,2
-4.7841,1.5151,2
-7.5438,2.0931,2
-6.5587,1.3364,2
-6.9637,-7.1749,2
-7.6073,-1.7343,2
-6.9434,-1.5623,2
-3.508,-4.3944,2
-6.6184,1.9318,2
-3.1678,-3.8073,2
-6.2148,-3.0296,2
-6.743,-2.9524,2
-5.2136,1.6322,2
-9.5273,-3.1458,2
-8.5854,-3.0672,2
-11.158,1.528,2
-5.5658,-6.2782,2
-3.1321,-3.7436,2
-4.7774,0.23681,2
-5.0864,0.13971,2
-6.771,-2.7424,2
-3.113,-4.5993,2
-9.7493,1.8416,2
-6.6744,-2.9865,2
-8.3248,-3.0313,2
-6.9719,-7.1351,2
-7.1995,1.9241,2
-3.3825,-4.1988,2
-4.7231,-2.8564,2
-4.5213,-5.5436,2
-3.3616,-3.8564,2
-7.9103,-7.7826,2
-3.8704,-3.3884,2
-9.378,1.8755,2
-9.7608,1.5719,2
-5.5464,-0.082648,2
-7.2343,-3.0067,2
-2.9959,-3.269,2
-3.5791,-4.5865,2
-4.2544,-5.0497,2
-5.1238,1.587,2
-5.4388,0.0063941,2
-3.057,-4.3624,2
